mean: 0.9631619145102169
standard_deviation: 0.011283007447196625
min: 0.9392789373814042
max: 0.9849906191369606
