mean: 0.917530262281389
standard_deviation: 0.04650847459179892
min: 0.8070175438596491
max: 1.0
