mean: 0.5036572561701095
standard_deviation: 0.09123704145009463
min: 0.28846153846153844
max: 0.7241379310344828
