mean: 0.649538286644767
standard_deviation: 0.08403737079375626
min: 0.48717948717948717
max: 0.7777777777777778
