mean: 0.46350985139697726
standard_deviation: 0.035158246726647004
min: 0.38571428571428573
max: 0.530751708428246
