mean: 0.738474153870338
standard_deviation: 0.06955012919255885
min: 0.5877192982456141
max: 0.8191489361702128
