mean: 0.7587395941697055
standard_deviation: 0.019828034663656433
min: 0.7297297297297297
max: 0.8009708737864077
