mean: 0.6004566870432826
standard_deviation: 0.02052517932570165
min: 0.542016806722689
max: 0.6372745490981964
