mean: 0.27043039736730223
standard_deviation: 0.09137068770639284
min: 0.0
max: 0.4444444444444444
