mean: 0.6956552470840357
standard_deviation: 0.01556737775083346
min: 0.6699029126213593
max: 0.7334669338677354
